387 32.04110329908073
393 33.36316842452832
391 32.47968027419991
390 32.246942800788844
388 32.127537464130505
387 32.04110329908073
387 32.04110329908073
388 32.127537464130505
387 32.04110329908073
387 32.04110329908073
387 32.04110329908073
388 32.127537464130505
387 32.04110329908073
388 32.127537464130505
387 32.04110329908073
388 32.127537464130505
387 32.04110329908073
387 32.04110329908073
387 32.04110329908073
387 32.04110329908073
387 32.04110329908073
387 32.04110329908073
387 32.04110329908073
387 32.04110329908073
388 32.127537464130505
387 32.04110329908073
387 32.04110329908073
388 32.127537464130505
385 32.07900151796252
391 32.576866974967174
388 32.24609416516144
390 32.33412228796833
389 32.29036287098279
388 32.24609416516144
388 32.24609416516144
388 32.24609416516144
388 32.24609416516144
389 32.29036287098279
388 32.24609416516144
388 32.24609416516144
388 32.24609416516144
388 32.24609416516144
388 32.24609416516144
388 32.24609416516144
388 32.24609416516144
391 33.00653449414877
385 32.25043008939109
390 32.37514792899397
389 32.331493976381246
389 32.331493976381246
408 31.698096885813
403 29.63349321774023
407 30.71084039143023
406 30.16183358004303
405 29.851851851851663
404 29.703460445054443
406 30.16183358004303
404 29.703460445054443
408 31.879469434832604
403 29.71289768424147
407 30.774722455312297
406 30.225872988910027
405 29.911111111110927
404 29.76781688069801
404 29.76781688069801
404 29.76781688069801
404 29.76781688069801
404 29.76781688069801
405 29.911111111110927
404 29.76781688069801
404 29.76781688069801
404 29.76781688069801
404 29.76781688069801
404 29.76781688069801
404 29.76781688069801
407 30.774722455312297
404 29.76781688069801
404 29.76781688069801
404 29.76781688069801
404 29.76781688069801
404 29.76781688069801
407 30.774722455312297
404 29.76781688069801
404 29.76781688069801
407 30.774722455312297
404 29.76781688069801
404 29.76781688069801
404 29.76781688069801
403 29.77741381327373
407 30.87791655850639
406 30.225872988910034
405 29.955555555555357
404 29.792569355945535
403 29.77741381327373
405 29.955555555555357
405 29.955555555555357
403 29.80222770905537
407 30.961454642044483
406 30.28991239777703
405 29.97530864197512
397 38.389901591913954
390 35.35463510848114
396 37.56611570247952
394 36.5143394573425
393 35.70413534564793
392 35.38952519783466
391 35.38505111818967
393 35.70413534564793
391 35.507813266527265
397 39.462949450856016
393 36.65578928966828
395 37.735362922608196
396 37.96510560146942
392 35.88442315701833
396 37.96510560146942
391 35.507813266527265
397 39.5234028513598
391 35.55384907215387
393 37.19014043470645
392 36.037484381508136
396 38.11662075298458
394 37.80875570099731
395 37.92270469476009
393 37.19014043470645
392 36.037484381508136
396 38.37924701561086
390 35.564891518737554
393 37.281743488141565
392 36.0680966264061
394 38.047334381200365
391 35.599884877780454
395 38.14042621374744
392 36.0680966264061
391 35.599884877780454
392 36.0680966264061
392 36.0680966264061
396 38.48530762167147
389 35.59627546738378
392 36.665035401916285
393 37.795738399083035
391 35.89144498008223
394 38.138704939575995
395 38.15055279602591
390 35.62642998027601
395 38.15055279602591
395 38.15055279602591
395 38.15055279602591
394 38.138704939575995
395 38.15055279602591
395 38.15055279602591
394 29.950887680692745
395 30.24675532767153
394 29.950887680692745
394 29.950887680692745
395 30.823970517544918
394 30.235151640083608
395 30.823970517544918
395 30.823970517544918
395 30.823970517544918
394 30.235151640083608
394 30.235151640083608
394 30.40774047257092
392 30.36401499375294
393 30.375891070838755
394 30.40774047257092
394 30.40774047257092
394 30.40774047257092
394 30.40774047257092
394 30.40774047257092
394 30.40774047257092
394 30.40774047257092
394 30.40774047257092
394 30.40774047257092
394 30.40774047257092
394 30.40774047257092
394 30.40774047257092
394 30.40774047257092
394 30.40774047257092
394 30.40774047257092
394 30.40774047257092
394 30.40774047257092
394 30.40774047257092
394 30.40774047257092
394 30.40774047257092
394 30.40774047257092
394 30.40774047257092
394 30.40774047257092
394 30.40774047257092
394 30.40774047257092
394 30.40774047257092
394 30.40774047257092
394 30.40774047257092
394 30.40774047257092
394 30.40774047257092
394 30.40774047257092
394 30.40774047257092
394 30.40774047257092
394 30.40774047257092
394 30.40774047257092
394 30.40774047257092
406 38.68892717610205
399 36.02932142386039
405 37.02716049382697
404 36.792569355945595
401 36.57905112530394
400 36.39
400 36.39
400 36.39
405 37.02716049382697
400 36.39
400 36.39
400 36.39
400 36.39
399 36.02932142386039
405 37.02716049382697
400 36.39
400 36.39
400 36.39
400 36.39
400 36.39
400 36.39
400 36.39
400 36.39
400 36.39
400 36.39
400 36.39
399 36.04937154917367
405 37.04197530864179
400 36.6
402 36.975866933986616
401 36.62892643702464
403 37.01314582319924
404 37.02029212822283
404 37.02029212822283
401 36.62892643702464
404 37.02029212822283
404 37.02029212822283
404 37.02029212822283
404 37.02029212822283
404 37.02029212822283
404 37.02029212822283
404 37.02029212822283
399 36.04937154917367
399 36.04937154917367
398 36.09873488043226
405 38.972839506172654
404 37.05494559356936
401 36.71371446694984
399 36.164659769725056
402 37.03059330214582
415 27.283785745391313
412 25.878452257517306
414 26.75824406637278
415 27.47655682972867
412 25.931850315769733
413 26.912744988831424
414 26.980466288595004
413 26.912744988831424
411 25.948390075834315
414 27.183364839319644
413 27.02896774912198
412 26.033792063342553
413 27.02896774912198
411 25.972720976077625
414 27.26549044318438
413 27.048338209170407
412 26.1405881798474
411 25.972720976077625
412 26.1405881798474
410 25.974538964901846
414 27.27032136105878
413 27.087079129267252
412 26.160005655575556
411 26.070044577050854
412 26.160005655575556
410 25.974538964901846
410 25.974538964901846
412 26.160005655575556
410 25.974538964901846
410 25.974538964901846
412 26.160005655575556
410 25.974538964901846
412 26.160005655575556
410 25.974538964901846
410 25.974538964901846
410 25.974538964901846
410 25.974538964901846
410 25.974538964901846
414 27.458727158160233
410 25.994051160023798
413 27.120977434351996
412 26.237675558488174
411 26.089509297245502
411 26.089509297245502
410 25.994051160023798
410 25.994051160023798
413 27.154875739436754
410 26.008685306365255
412 26.25709303421633
411 26.104107837391492
396 32.15197428833811
392 30.899729279467213
394 31.402664330438892
393 31.073092088650476
394 31.402664330438892
395 33.08219836564619
390 31.14437869822474
394 31.428045041098795
393 31.169784200609765
395 33.17840089729176
391 31.18556262714113
394 31.534644025870367
393 31.36316842452834
395 33.264476846658845
390 31.29822485207088
394 31.605710015718092
392 31.39462723865088
393 31.408969951245886
393 31.408969951245886
395 33.310046466912006
390 31.339250493096525
393 31.42423712681841
394 33.07271509186024
391 31.405511476246012
393 31.42423712681841
393 31.42423712681841
393 31.42423712681841
395 33.310046466912006
394 33.07271509186024
395 33.31510975805125
389 31.390619940391588
393 31.44968241943928
394 33.12855265531202
390 31.43668639053243
393 31.44968241943928
393 31.44968241943928
393 31.44968241943928
393 31.44968241943928
392 31.46095376926313
395 34.049286973241124
394 33.194542503027755
393 31.495483946156828
393 31.495483946156828
393 31.495483946156828
393 31.495483946156828
393 31.495483946156828
393 31.495483946156828
393 31.495483946156828
393 31.495483946156828
393 31.495483946156828
405 33.19999999999982
408 33.962802768165886
407 33.2218969024867
408 33.962802768165886
408 33.962802768165886
408 33.962802768165886
406 33.225872988910005
408 34.10005767012668
406 33.225872988910005
406 33.225872988910005
406 33.225872988910005
406 33.225872988910005
406 33.225872988910005
406 33.225872988910005
406 33.225872988910005
406 33.225872988910005
406 33.225872988910005
406 33.225872988910005
406 33.225872988910005
406 33.225872988910005
406 33.225872988910005
406 33.225872988910005
406 33.225872988910005
406 33.225872988910005
406 33.225872988910005
406 33.225872988910005
406 33.225872988910005
406 33.225872988910005
406 33.225872988910005
406 33.225872988910005
406 33.225872988910005
406 33.225872988910005
406 33.225872988910005
406 33.225872988910005
406 33.225872988910005
406 33.225872988910005
406 33.225872988910005
406 33.225872988910005
406 33.225872988910005
406 33.225872988910005
406 33.225872988910005
406 33.225872988910005
406 33.225872988910005
406 33.225872988910005
406 33.225872988910005
406 33.225872988910005
406 33.225872988910005
406 33.225872988910005
406 33.225872988910005
406 33.225872988910005
405 28.809876543209686
406 29.900749836200628
403 29.057810835606233
405 30.19259259259241
404 29.421282227232716
403 29.057810835606233
404 29.421282227232716
403 29.057810835606233
404 29.421282227232716
404 29.421282227232716
404 29.426232722282226
402 29.199747531001567
403 29.21165698945238
404 29.574747573767375
402 29.23954852602643
404 29.574747573767375
401 29.262342895877495
404 30.193559454955487
403 29.613642101114895
402 29.388802257369708
402 29.388802257369708
402 29.388802257369708
402 29.388802257369708
402 29.388802257369708
401 29.262342895877495
403 29.613642101114895
402 29.388802257369708
402 29.388802257369708
402 29.388802257369708
403 29.613642101114895
402 29.388802257369708
404 30.356925791589155
401 29.30723067642612
403 29.717860463397784
402 29.388802257369715
401 29.30723067642612
401 29.30723067642612
401 29.30723067642612
401 29.30723067642612
401 29.30723067642612
401 29.30723067642612
401 29.30723067642612
404 30.5004901480248
401 29.307230676426126
403 29.752599917492073
402 29.47835449617568
403 29.752599917492073
403 29.752599917492073
403 29.752599917492073
403 29.752599917492073
409 28.55315307775535
409 28.55315307775535
409 28.55315307775535
409 28.954131072865376
409 28.954131072865376
409 28.954131072865376
409 28.954131072865376
409 28.954131072865376
409 28.954131072865376
407 29.138358818948625
409 29.208409801471735
408 29.153979238754165
409 29.213299777021852
409 29.213299777021852
409 29.213299777021852
409 29.213299777021852
409 29.213299777021852
409 29.609387796581764
408 29.291234140714955
408 29.291234140714955
409 29.61427777213188
406 29.29483850615138
407 29.482339162928977
408 29.49711649365612
408 29.49711649365612
408 29.49711649365612
408 29.49711649365612
408 29.49711649365612
408 29.49711649365612
408 29.49711649365612
408 29.49711649365612
408 29.49711649365612
408 29.49711649365612
408 29.49711649365612
408 29.49711649365612
408 29.49711649365612
408 29.49711649365612
408 29.49711649365612
408 29.49711649365612
408 29.49711649365612
408 29.49711649365612
408 29.49711649365612
408 29.49711649365612
406 29.29483850615138
408 29.49711649365612
408 29.49711649365612
408 29.49711649365612
408 29.49711649365612
408 29.49711649365612
408 29.49711649365612

