425 19.248166089965427
424 17.718138127447485
425 19.248166089965427
424 19.222855108579566
418 18.533023511366416
423 18.696041446607325
420 18.556462585033856
422 18.66889782349901
424 19.222855108579566
424 19.222855108579566
424 19.222855108579566
424 19.222855108579566
424 19.222855108579566
422 18.66889782349901
422 18.66889782349901
424 19.222855108579566
424 19.222855108579566
424 19.222855108579566
424 19.222855108579566
422 18.66889782349901
422 18.66889782349901
424 19.222855108579566
424 19.222855108579566
424 19.222855108579566
422 18.66889782349901
424 19.222855108579566
422 18.66889782349901
424 19.222855108579566
424 19.222855108579566
422 18.66889782349901
422 18.66889782349901
420 18.556462585033856
424 19.222855108579566
422 18.66889782349901
424 19.222855108579566
424 19.222855108579566
424 19.222855108579566
424 19.222855108579566
418 18.533023511366416
424 19.222855108579566
420 18.556462585033856
422 18.66889782349901
424 19.222855108579566
424 19.222855108579566
424 19.222855108579566
424 19.222855108579566
424 19.222855108579566
424 19.222855108579566
422 18.66889782349901
424 19.222855108579566
417 19.67917464589482
415 19.611496588764826
416 19.62389053254432
417 19.67917464589482
417 19.698359298172996
414 19.618147448015137
417 19.698359298172996
417 19.698359298172996
417 19.698359298172996
417 19.698359298172996
417 19.698359298172996
417 19.698359298172996
417 19.698359298172996
417 19.698359298172996
417 19.698359298172996
417 19.698359298172996
417 19.698359298172996
417 19.698359298172996
417 19.698359298172996
417 19.698359298172996
417 19.698359298172996
417 19.698359298172996
417 19.698359298172996
417 19.698359298172996
417 19.698359298172996
417 19.698359298172996
417 19.698359298172996
417 19.698359298172996
417 19.698359298172996
417 19.698359298172996
417 19.698359298172996
417 19.698359298172996
417 19.698359298172996
417 19.698359298172996
417 19.698359298172996
417 19.698359298172996
417 19.698359298172996
416 19.70562130177509
417 19.755913255007528
416 19.70562130177509
416 19.70562130177509
416 19.70562130177509
416 19.70562130177509
416 19.710428994082783
417 19.775097907285705
416 19.710428994082783
416 19.710428994082783
416 19.710428994082783
417 19.775097907285705
416 19.710428994082783
425 17.12581314878895
430 17.36538669551107
429 17.215739970984654
428 17.163333042187045
426 17.151094359584686
426 17.151094359584686
428 17.163333042187045
430 17.36538669551107
426 17.151094359584686
429 17.215739970984654
428 17.163333042187045
428 17.163333042187045
430 17.36538669551107
426 17.151094359584686
430 17.36538669551107
430 17.36538669551107
426 17.151094359584686
426 17.151094359584686
430 17.36538669551107
426 17.151094359584686
430 17.36538669551107
426 17.151094359584686
426 17.151094359584686
426 17.16987370230769
430 17.393293672255258
429 17.257698012942694
427 17.20416390151857
428 17.24744519171975
427 17.20416390151857
427 17.20416390151857
427 17.20416390151857
427 17.20416390151857
427 17.20416390151857
427 17.20416390151857
427 17.20416390151857
427 17.20416390151857
427 17.20416390151857
427 17.20416390151857
427 17.20416390151857
427 17.20416390151857
427 17.20416390151857
427 17.20416390151857
427 17.20416390151857
427 17.20416390151857
430 17.449107625743626
425 17.182283737024242
429 17.27168402692871
427 17.2463184682633
429 17.27168402692871
429 17.27168402692871
423 18.57311000452695
424 18.586062655749377
423 18.57311000452695
424 18.586062655749377
423 18.57311000452695
423 18.57311000452695
424 18.586062655749377
423 18.57311000452695
423 18.57311000452695
423 18.57311000452695
423 18.57311000452695
422 18.597807776105647
424 19.199270202919188
423 18.696041446607328
423 18.7480509028721
422 18.67837649648479
423 18.7480509028721
423 18.7480509028721
423 18.7480509028721
423 18.7480509028721
423 18.7480509028721
423 18.7480509028721
423 18.7480509028721
423 18.7480509028721
423 18.7480509028721
423 18.7480509028721
423 18.7480509028721
423 18.7480509028721
423 18.7480509028721
423 18.7480509028721
423 18.7480509028721
423 18.7480509028721
423 18.7480509028721
423 18.7480509028721
423 18.7480509028721
423 18.7480509028721
423 18.7480509028721
423 18.7480509028721
423 18.7480509028721
423 18.7480509028721
423 18.7480509028721
423 18.7480509028721
423 18.7480509028721
423 18.7480509028721
423 18.7480509028721
423 18.7480509028721
423 18.7480509028721
423 18.7480509028721
423 18.7480509028721
423 18.7480509028721
423 18.005734118002124
419 17.21552053132541
422 17.460367017811805
421 17.363510700120127
420 17.294557823129118
422 17.460367017811805
421 17.363510700120127
423 18.109753030531675
416 17.301775147928957
422 18.033826733451612
421 17.392014263065498
417 17.33864706795716
419 17.353945352327795
420 17.370748299319594
423 18.109753030531675
423 18.109753030531675
422 18.033826733451612
419 17.353945352327795
422 18.033826733451612
422 18.033826733451612
416 17.301775147928957
420 17.375510204081497
423 18.152306222021036
422 18.07648076188763
421 17.41101663836241
420 17.375510204081497
420 17.375510204081497
423 18.152306222021036
423 18.152306222021036
420 17.375510204081497
422 18.07648076188763
422 18.07648076188763
420 17.375510204081497
422 18.07648076188763
420 17.375510204081497
423 18.23268447261205
413 17.416376950090573
421 17.45377198278046
422 18.20444284719569
420 17.41836734693864
420 17.41836734693864
420 17.41836734693864
420 17.41836734693864
420 17.41836734693864
420 17.41836734693864
420 17.41836734693864
422 18.20444284719569
421 17.45377198278046
420 17.41836734693864
420 17.41836734693864
404 18.02524262327221
404 18.02524262327221
404 18.02524262327221
404 18.02524262327221
404 18.02524262327221
404 18.02524262327221
404 18.02524262327221
404 18.02524262327221
404 18.02524262327221
404 18.02524262327221
404 18.02524262327221
404 18.02524262327221
404 18.02524262327221
404 18.02524262327221
404 18.02524262327221
404 18.02524262327221
404 18.02524262327221
404 18.02524262327221
404 18.02524262327221
404 18.02524262327221
404 18.02524262327221
404 18.02524262327221
404 18.02524262327221
404 18.02524262327221
404 18.02524262327221
404 18.02524262327221
404 18.02524262327221
404 18.02524262327221
404 18.02524262327221
404 18.02524262327221
404 18.02524262327221
404 18.02524262327221
404 18.049995098519734
403 18.03051555024661
404 18.049995098519734
404 18.049995098519734
404 18.049995098519734
403 18.03051555024661
404 18.049995098519734
404 18.049995098519734
403 18.03051555024661
404 18.06484658366825
404 18.144054504460325
401 18.095260601613113
403 18.1198455750605
403 18.1198455750605
403 18.1198455750605
403 18.1198455750605
403 18.1198455750605
403 18.1198455750605
413 21.65366508568376
412 21.475539636157922
413 21.65366508568376
413 21.65366508568376
413 21.74083215590168
409 21.58493791883118
411 21.602891292379297
412 21.69398623809968
413 21.755360000937998
411 21.607757472427963
413 21.755360000937998
410 21.633075550267673
413 21.871582761228552
412 21.786219247808422
411 21.636954552719935
412 21.786219247808422
412 21.786219247808422
413 21.95874983144647
408 21.63437139561704
412 21.888160995381245
411 21.70994725344986
410 21.657465794170115
410 21.657465794170115
408 21.63437139561704
408 21.63437139561704
412 21.888160995381245
412 21.888160995381245
409 21.682737429833622
413 22.341316417402886
412 22.009520218682216
411 21.724545793595848
410 21.686734086853043
410 21.686734086853043
410 21.686734086853043
410 21.686734086853043
409 21.682737429833622
409 21.682737429833622
410 21.686734086853043
410 21.686734086853043
410 21.686734086853043
410 21.686734086853043
410 21.686734086853043
410 21.686734086853043
409 21.682737429833622
412 22.009520218682216
410 21.7013682331945
413 23.116134819339937
412 22.373597888585152
411 21.73914433374183
411 21.73914433374183
418 19.107186190792252
417 19.19955833894038
418 19.61436322428508
417 19.19955833894038
417 19.19955833894038
418 19.61436322428508
417 19.19955833894038
417 19.19955833894038
418 19.61436322428508
417 19.19955833894038
418 19.61436322428508
417 19.19955833894038
417 19.19955833894038
417 19.24272380656628
418 19.724411071175034
417 19.24272380656628
417 19.24272380656628
417 19.24272380656628
417 19.24272380656628
417 19.24272380656628
417 19.24272380656628
417 19.24272380656628
417 19.24272380656628
417 19.24272380656628
417 19.24272380656628
417 19.24272380656628
417 19.24272380656628
417 19.24272380656628
417 19.24272380656628
417 19.24272380656628
417 19.24272380656628
417 19.24272380656628
417 19.24272380656628
417 19.24272380656628
417 19.24272380656628
417 19.24272380656628
417 19.24272380656628
417 19.24272380656628
417 19.24272380656628
417 19.24272380656628
417 19.24272380656628
417 19.24272380656628
417 19.24272380656628
417 19.24272380656628
417 19.24272380656628
417 19.24272380656628
417 19.24272380656628
417 19.24272380656628
417 19.24272380656628
417 19.24272380656628
418 19.34642064055302
421 19.829068894894455
419 19.497143443019947
420 19.680272108843365
419 19.497143443019947
420 19.680272108843365
419 19.497143443019947
421 19.829068894894455
418 19.34642064055302
420 19.680272108843365
419 19.497143443019947
419 19.497143443019947
418 19.34642064055302
421 19.829068894894455
419 19.497143443019947
420 19.680272108843365
419 19.497143443019947
419 19.497143443019947
419 19.497143443019947
420 19.680272108843365
419 19.497143443019947
419 19.497143443019947
419 19.497143443019947
419 19.497143443019947
419 19.497143443019947
418 19.39426753050517
421 19.971586709621292
420 19.723129251700513
419 19.49714344301995
418 19.39426753050517
418 19.39426753050517
419 19.49714344301995
418 19.39426753050517
418 19.39426753050517
418 19.39426753050517
418 19.39426753050517
418 19.39426753050517
418 19.39426753050517
418 19.39426753050517
418 19.39426753050517
418 19.39426753050517
418 19.39426753050517
418 19.39426753050517
418 19.39426753050517
418 19.39426753050517
418 19.403836908495602
421 20.27562471437189
420 19.727891156462412
419 19.506689982399426
419 19.506689982399426
425 20.043460207612494
424 20.001156995372025
425 20.043460207612494
425 20.043460207612494
425 20.043460207612494
425 20.043460207612494
425 20.043460207612494
425 20.043460207612494
425 20.043460207612494
424 20.001156995372025
425 20.043460207612494
425 20.043460207612494
425 20.043460207612494
425 20.043460207612494
425 20.043460207612494
425 20.043460207612494
425 20.043460207612494
425 20.043460207612494
425 20.043460207612494
425 20.043460207612494
425 20.043460207612494
425 20.043460207612494
425 21.62463667820074
423 20.062471706654613
424 20.081345674617303
424 20.081345674617303
424 20.081345674617303
424 20.081345674617303
423 20.062471706654613
423 20.062471706654613
424 20.081345674617303
424 20.081345674617303
424 20.081345674617303
424 20.10493058027768
425 21.874048442906634
424 20.10493058027768
424 20.147383410466357
423 20.16176248679645
424 20.232289070843724
424 20.232289070843724
424 20.232289070843724
424 20.232289070843724
424 20.232289070843724
424 20.232289070843724
424 20.232289070843724
424 20.232289070843724
424 20.232289070843724
424 20.232289070843724
424 20.232289070843724
424 20.232289070843724

