361 1602.2795865593473
360 1512.638888888889
360 1537.0833333333333
360 1537.0833333333333
360 1537.1055555555556
360 1573.9388888888889
358 1541.5969851127916
359 1573.7240400058668
360 1573.9388888888889
357 1550.1466939716981
359 1590.4817001729978
358 1573.893074498267
359 1590.4817001729978
359 1590.4817001729978
359 1598.4482739891537
356 1554.2833606867955
358 1582.2506163977084
359 1598.4482739891537
359 1598.5931207858107
355 1555.473913905965
357 1582.6060777251994
356 1558.440664057582
358 1586.4349739396077
356 1558.6092033834245
359 1619.6961848526632
358 1586.4573203083228
358 1586.4573203083228
358 1586.4573203083228
358 1590.6305046658645
354 1574.7781288901733
356 1586.8451584396037
355 1578.786589962304
358 1590.6305046658645
358 1590.6305046658645
358 1590.6528510345795
353 1579.953342053996
355 1583.000674469346
358 1590.6528510345795
358 1590.6528510345795
358 1590.7981024312273
358 1590.8204487999424
358 1599.055085671451
354 1591.6368859523202
357 1595.0318480333228
358 1599.055085671451
358 1599.055085671451
358 1599.055085671451
358 1599.055085671451
358 1599.055085671451
358 1599.055085671451
357 1382.5388508344433
362 1433.5130490522213
360 1421.8333333333333
359 1386.4315608972695
361 1425.6092264485364
358 1382.6584376267965
361 1425.6092264485364
361 1425.6092264485364
358 1382.6584376267965
361 1425.6092264485364
360 1421.8333333333333
360 1421.8333333333333
361 1425.6092264485364
361 1425.6092264485364
361 1425.6092264485364
358 1382.6584376267965
361 1425.6092264485364
360 1421.8333333333333
357 1382.5388508344433
358 1382.6584376267965
361 1425.6092264485364
357 1382.5388508344433
360 1421.8333333333333
359 1386.4315608972695
361 1425.6092264485364
360 1421.8333333333333
360 1421.8333333333333
361 1425.6092264485364
360 1421.8333333333333
357 1382.5388508344433
361 1425.6092264485364
360 1421.8333333333333
360 1421.8333333333333
361 1425.6092264485364
360 1421.8333333333333
357 1382.5388508344433
360 1421.8333333333333
360 1421.8333333333333
358 1386.3120689117125
362 1443.5130490522213
359 1389.9134550476874
360 1425.5333333333333
361 1425.825292930531
360 1425.5333333333333
360 1425.5333333333333
360 1425.5333333333333
360 1425.5333333333333
360 1425.5333333333333
360 1425.5333333333333
360 1425.5333333333333
361 1243.7588109360715
352 1231.8848140495913
358 1235.675197403333
352 1235.5268595041368
360 1258.4
356 1249.9462820350998
354 1235.9363209805645
359 1254.3925636827857
357 1253.9170020949473
354 1236.0493153308466
360 1269.3333333333333
356 1249.9631359676841
359 1254.4427029585518
356 1249.9631359676841
360 1269.3722222222223
352 1250.4359504132278
357 1257.569663159373
359 1258.0917280281894
360 1280.55
357 1257.5864698820621
359 1261.7351820671868
358 1258.3846946100368
360 1295.5722222222223
356 1258.8844842822912
359 1261.7518951591087
357 1261.2503354282806
359 1269.2616444627301
353 1261.777704660172
356 1262.6148213609426
358 1265.7534096938357
357 1265.149495092146
359 1269.6739007301394
356 1264.8676303497064
358 1268.8707281295904
359 1272.8828143791645
356 1264.884484282291
357 1272.5164418708575
358 1272.6249180737243
357 1272.5164418708575
359 1272.8995274710862
355 1265.20349137074
357 1272.5332485935467
359 1272.994234991978
353 1271.6700559349595
359 1273.0109480839
358 1273.3232420960708
359 1284.2087196716436
358 1273.3232420960708
357 1276.0906715627343
359 1295.4009202287468
368 895.5262287334502
371 912.8162974695155
371 913.0319308926962
370 918.3439006574062
368 918.5044896030157
370 918.5601168736223
370 927.7276844411897
369 919.3536915856891
370 927.7276844411897
369 925.6355344041173
367 919.7538477529652
368 921.591446124755
368 921.591446124755
368 921.591446124755
368 921.591446124755
369 928.7629056778301
367 921.1816406684964
368 921.8088374291026
368 921.8088374291026
368 921.8088374291026
368 921.8088374291026
369 933.3320113688868
367 924.0917224123657
368 929.5805765595376
369 933.3320113688868
369 933.3320113688868
367 924.0917224123657
369 933.3320113688868
369 933.3320113688868
369 933.3320113688868
369 933.3320113688868
367 924.0917224123657
367 924.0917224123657
367 924.0917224123657
367 924.0917224123657
367 924.0917224123657
367 924.0917224123657
367 930.3424036112756
369 936.4864829136022
368 931.0262287334505
368 931.0262287334505
368 931.0262287334505
368 931.0262287334505
368 931.0262287334505
368 931.0262287334505
367 930.3424036112756
369 936.7032850816239
367 930.5603872625018
368 931.2436200377981
368 931.2436200377981
364 772.1782997222641
367 800.4241474804846
366 788.0861775508279
365 774.3487333458477
366 788.0861775508279
366 788.0861775508279
365 774.3487333458477
365 774.3487333458477
366 795.2828988623035
364 776.4365414805059
365 789.8775004691356
366 795.2828988623035
366 795.2828988623035
366 795.2828988623035
366 795.2828988623035
366 795.2828988623035
366 795.2828988623035
366 795.2828988623035
366 795.2828988623035
366 795.2828988623035
366 795.2828988623035
366 795.2828988623035
366 795.2828988623035
366 795.2828988623035
366 795.2828988623035
366 795.2828988623035
366 795.2828988623035
366 795.2828988623035
366 795.2828988623035
364 779.2991788431433
366 801.0752485890794
365 790.0418840307794
364 779.2991788431433
365 790.1843497842042
364 782.1618162057806
365 790.1843497842042
365 790.1843497842042
365 791.6035278663958
364 786.4914865354508
365 791.6035278663958
365 791.6035278663958
365 793.0884593732451
364 786.6233546673192
365 793.0884593732451
365 793.0884593732451
365 793.0884593732451
365 793.0884593732451
365 793.0884593732451
365 793.0884593732451
365 793.1103771814643
363 702.1773558272414
366 715.2337185344451
365 708.9240758115948
362 704.0379109306831
365 711.7405141677592
363 710.0836919153957
362 706.7064192179758
365 717.2254456746086
364 712.9859920299408
363 710.1663365434948
360 708.1888888888889
365 719.9870895102259
364 713.60687115082
363 710.1993943947346
361 708.9388663377367
360 708.1888888888889
361 708.9721073349666
364 713.6178601618091
363 710.2544908134673
361 709.2878968086505
364 713.6782997222487
363 710.2655100972139
364 713.6782997222487
364 713.6782997222487
364 713.6837942277431
363 710.2710197390871
363 710.2710197390871
363 710.2710197390871
363 710.2710197390871
364 716.2772008211497
363 710.287548664707
364 716.2772008211497
364 716.2772008211497
363 710.2930583065803
364 716.3321458760946
364 716.3321458760946
364 716.3431348870838
360 710.8833333333333
363 712.8109646426684
361 711.4208607975704
362 712.3694026433905
364 716.3431348870838
362 712.3694026433905
364 716.3431348870838
364 716.3431348870838
361 711.7255699388447
364 716.3486293925782
362 712.4522755715672
363 715.9845183616767
364 716.3486293925782
377 860.4664072778786
373 666.7551552875417
376 749.1940923494939
375 707.1040000000037
373 666.7551552875417
373 666.7551552875417
373 666.7551552875417
377 860.4664072778786
375 707.1040000000037
377 860.4664072778786
377 861.0658767739
372 668.2266736038807
376 799.4068583069405
375 712.8106666666712
374 707.1200491864302
373 671.70421694974
377 861.0658767739
373 671.70421694974
373 671.70421694974
373 671.70421694974
372 668.2266736038807
371 670.2502597336504
376 810.9600497963022
374 712.2270010580901
375 810.3733333333389
373 708.6961740542889
372 673.570759625386
375 810.3733333333389
376 816.4972838388555
371 675.5386694371543
374 712.5425090794806
375 815.9840000000056
375 815.9840000000056
376 816.4972838388555
376 816.4972838388555
375 815.9840000000056
375 815.9840000000056
375 815.9840000000056
375 815.9840000000056
375 815.9840000000056
376 816.4972838388555
375 815.9840000000056
376 816.4972838388555
376 816.4972838388555
375 815.9840000000056
375 815.9840000000056
375 815.9840000000056
375 815.9840000000056
375 815.9840000000056
375 815.9840000000056
360 991.1
363 1048.315096874093
361 1010.3405283875942
362 1044.5019993284634
362 1044.5019993284634
361 1010.3405283875942
359 1010.2031486410042
363 1085.113994945718
361 1057.3820796341317
360 1017.3444444444444
362 1067.971612588132
359 1010.2031486410042
359 1010.2031486410042
362 1067.971612588132
359 1010.2031486410042
359 1010.2031486410042
359 1010.2031486410042
359 1010.2031486410042
359 1010.2031486410042
359 1010.2031486410042
362 1067.971612588132
362 1067.971612588132
362 1067.9881871737675
359 1010.3089982231767
360 1033.8666666666666
361 1057.3987001327466
359 1010.3089982231767
362 1067.9881871737675
362 1067.9881871737675
362 1067.9881871737675
359 1010.3257113150987
362 1068.0765849638226
360 1057.2055555555555
361 1061.0275089970125
359 1010.7713937663524
362 1068.093159549458
360 1057.2944444444445
361 1064.1466225704198
361 1064.1466225704198
361 1064.1466225704198
361 1064.1466225704198
361 1064.1466225704198
361 1064.1466225704198
361 1064.1466225704198
361 1064.1466225704198
361 1064.1466225704198
361 1064.1466225704198
361 1064.1466225704198
362 1068.093159549458
362 1068.093159549458
342 1591.7085257002298
345 1611.2020163831214
343 1599.3817372013584
339 1593.0515571566818
345 1615.6367989918167
342 1599.7202216066623
343 1611.8715331197254
345 1654.3266540642803
340 1605.3958477508438
344 1620.1784748512487
343 1612.2971890964027
341 1609.2566971388349
345 1654.367233774425
340 1609.013494809667
344 1633.4284748512487
342 1617.2699292090017
343 1621.7257605249745
345 1654.367233774425
345 1654.367233774425
345 1654.6976685570341
340 1609.3958477508434
344 1633.4459167117136
341 1617.4854361417674
343 1625.416722624099
340 1609.3958477508434
345 1658.6686830497877
340 1609.4076124567257
344 1638.1319632233415
341 1621.5910079892756
343 1633.7082678136037
342 1625.609110495551
343 1633.7082678136037
339 1623.098754796799
344 1641.6668469442723
343 1633.813224081825
342 1626.2172976300537
341 1625.9135886344368
344 1641.7075446186907
339 1623.1282533218732
343 1634.0814456561686
341 1625.9253188397154
342 1629.9599876885336
342 1629.9599876885336
344 1645.8935911303188
341 1625.942914147633
343 1637.8307167931955
342 1630.2757771622182
343 1637.8307167931955
344 1645.9284748512484
341 1626.1423276373687
353 1452.4009341219282
355 1537.665463201738
354 1468.3713492291524
355 1537.665463201738
354 1476.574739059661
352 1468.458677685955
353 1476.5595743485571
353 1476.5595743485571
353 1476.5595743485571
353 1476.5595743485571
353 1476.5595743485571
353 1476.5595743485571
353 1476.5595743485571
353 1476.5595743485571
353 1476.5595743485571
353 1476.5595743485571
353 1480.6388944618716
354 1484.4786938619225
353 1480.6388944618716
353 1480.6388944618716
353 1480.6388944618716
353 1480.6388944618716
353 1480.6388944618716
353 1480.6388944618716
353 1480.6388944618716
353 1480.6388944618716
353 1480.6388944618716
353 1480.6388944618716
353 1480.6388944618716
353 1480.6388944618716
353 1480.6388944618716
353 1480.6388944618716
353 1480.6388944618716
353 1480.6388944618716
353 1480.6388944618716
353 1480.6388944618716
353 1480.6388944618716
353 1480.6388944618716
353 1480.6388944618716
353 1480.6388944618716
353 1480.6388944618716
353 1480.6388944618716
353 1480.6388944618716
353 1480.6388944618716
353 1480.6388944618716
353 1480.6388944618716
353 1480.6388944618716
353 1480.6388944618716
353 1480.6388944618716
353 1480.6388944618716

