347 152.2905596757709
351 159.77558623712423
350 157.86530612244962
349 153.68576612671583
348 152.59096313912056
347 152.2905596757709
347 152.2905596757709
351 159.7812842428222
348 152.6082045184309
349 154.87774320407968
350 158.60244897959245
349 154.87774320407968
347 152.83234641928678
350 158.80244897959247
349 155.08977758803383
348 153.88981371383318
349 155.08977758803383
349 155.08977758803383
349 155.08977758803383
349 155.08977758803383
350 159.0767346938782
346 153.00531257308694
349 155.16427615536907
348 154.02199762187914
347 153.50093431554038
348 154.02199762187914
348 154.02199762187914
348 154.02199762187914
350 161.1167346938782
345 153.03969754253234
349 155.51384635594218
347 153.5873896469525
348 154.28636543797114
347 153.9043925287969
350 161.41387755102102
349 156.09837357657253
348 154.88406658739643
349 156.09837357657253
349 156.09837357657253
349 156.09837357657253
349 156.09837357657253
349 156.09837357657253
349 156.09837357657253
349 156.09837357657253
349 156.09837357657253
344 153.9633585722019
349 156.38490652786194
348 155.11395164486768
347 154.18104958931562
349 157.4450784476327
378 367.35600907029414
379 379.0638188260961
378 367.35600907029414
379 379.0638188260961
375 368.314666666667
379 379.15352858862906
378 372.4829931972782
377 368.65208367047023
379 379.15352858862906
379 379.15352858862906
379 379.15352858862906
379 379.15352858862906
379 379.15352858862906
379 379.15352858862906
379 384.62582410314087
377 373.64943115057633
378 379.7369614512464
378 379.82690854119346
379 384.88439930103004
378 379.82690854119346
378 379.82690854119346
378 379.82690854119346
378 379.82690854119346
378 379.82690854119346
378 379.82690854119346
378 379.82690854119346
379 384.88439930103004
379 384.88439930103004
378 379.82690854119346
378 379.82690854119346
378 379.82690854119346
378 379.82690854119346
379 384.88439930103004
378 379.82690854119346
379 384.88439930103004
378 379.82690854119346
379 384.88439930103004
378 379.82690854119346
378 379.82690854119346
377 380.0313940152979
379 384.9055074804495
378 380.33484504913
377 380.0313940152979
379 386.45695866778476
377 380.7528794264385
378 382.0173847316697
377 380.7528794264385
377 380.7528794264385
377 380.7528794264385
377 380.7528794264385
376 100.3217519239489
369 105.90111705995174
375 106.41066666666688
373 106.75515528753772
375 108.61866666666684
372 106.87721123829496
375 108.8053333333335
372 108.60301768990784
375 109.02933333333348
375 109.02933333333348
375 109.02933333333348
375 109.05066666666684
373 109.2162812928996
375 109.25866666666683
375 109.40266666666685
375 110.84800000000017
373 109.62378799531247
375 110.84800000000017
375 111.03466666666684
371 109.64648614874797
373 110.26185770040632
375 111.03466666666684
375 111.03466666666684
369 109.874016788949
375 111.05600000000015
372 110.60301768990787
369 109.874016788949
375 111.1466666666668
372 110.79118973291864
372 111.03850156087562
375 111.24266666666682
373 111.20019550201492
375 111.24266666666682
375 111.24266666666682
375 114.79466666666683
372 111.1675338189401
374 112.69224169979209
373 111.2699005958487
375 114.79466666666683
375 114.79466666666683
375 114.79466666666683
373 111.2699005958487
374 112.69224169979209
373 111.47901587735002
375 114.83200000000015
375 114.83200000000015
373 111.47901587735002
375 114.83200000000015
373 111.47901587735002
375 114.85333333333351
360 837.7611111111111
360 880.0166666666667
359 842.6878283067413
360 883.15
357 844.2419320669371
359 848.4148478053485
359 848.6376890309753
358 853.334415280428
359 879.1780790031199
359 879.1780790031199
358 853.3846946100372
359 885.2115051869634
358 853.3846946100372
358 853.3846946100372
359 885.2616444627298
355 854.4429279904593
358 878.7198901407635
356 855.0024618103816
359 885.2616444627298
356 855.0024618103816
356 855.0024618103816
356 855.0024618103816
358 878.7198901407635
356 855.0024618103816
356 855.0024618103816
359 885.2616444627298
359 885.2616444627298
359 885.4956277496377
356 874.5754955182463
358 879.0215661184172
359 885.4956277496377
359 885.562480117326
356 880.2215629339768
358 882.05508567149
357 880.8693830473292
359 885.562480117326
359 885.562480117326
359 885.562480117326
359 885.562480117326
359 885.562480117326
356 880.2215629339768
359 885.562480117326
359 885.562480117326
359 885.562480117326
359 885.562480117326
359 885.562480117326
359 885.562480117326
356 880.4181921474599
359 885.6404745462955
358 884.8092756156236
354 1023.8063774777402
358 1256.826035392159
356 1208.294596641842
355 1037.541519539755
357 1223.2671421509704
357 1230.5836687616145
354 1030.7272814325424
356 1212.2665067542014
355 1048.0372941876421
353 1033.2621239236282
357 1241.6929124590933
355 1081.9020829200365
356 1215.5136977654374
354 1054.3656995116385
354 1054.3656995116385
353 1040.0609907791522
357 1278.9926323470486
356 1219.2047090013928
355 1088.6851815115858
354 1057.4617447093785
355 1088.6851815115858
353 1040.0609907791522
353 1040.0609907791522
355 1088.6851815115858
355 1088.6851815115858
355 1088.6851815115858
355 1088.6851815115858
355 1088.6851815115858
353 1040.2026338386424
357 1297.5472541957881
356 1230.2552707991451
355 1088.8260265820084
354 1061.1905582687007
356 1230.2552707991451
353 1040.2026338386424
355 1088.8260265820084
356 1244.979989900269
353 1043.7663732154128
355 1116.54997024398
354 1067.9306712630512
356 1244.979989900269
356 1244.979989900269
353 1050.5992344052147
356 1245.120439338471
355 1123.687998412994
354 1068.071914200904
354 1068.071914200904
353 1050.5992344052147
354 1068.071914200904
356 1245.120439338471
379 275.21685312689493
373 258.2672196307047
377 263.82449746357275
378 272.11791383220236
375 263.2160000000005
374 261.4890331436372
373 258.2672196307047
372 258.6890391952832
378 275.7316704459589
376 264.2366455409652
377 273.0181314158273
374 262.29651977465323
373 262.0849140006778
374 262.29651977465323
371 259.279909329341
378 288.5094482237367
377 273.8669377818751
376 268.71004979628424
373 262.68545019370737
375 264.5013333333339
374 264.1307443735837
373 262.68545019370737
373 262.68545019370737
373 262.68545019370737
376 269.0238795835184
371 262.9564591945702
375 264.74666666666724
374 264.14678715433234
372 263.119146722165
372 263.119146722165
372 263.119146722165
371 262.9564591945702
371 263.11818426195566
376 270.2206880941566
375 266.7040000000005
374 264.93823100459974
372 263.93097467915425
373 264.28330542158943
373 264.28330542158943
371 263.11818426195566
371 263.11818426195566
371 263.7219578468613
376 271.1143051154333
375 267.17866666666725
374 265.1574823414981
372 265.08688865764884
371 263.7219578468613
371 263.7219578468613
371 263.7219578468613
371 263.7219578468613
361 416.10784140698877
362 428.9771374500203
361 416.10784140698877
361 416.10784140698877
361 416.10784140698877
362 428.9771374500203
361 416.10784140698877
361 416.10784140698877
361 416.1521627366287
362 429.02686120692624
362 429.02686120692624
361 416.1521627366287
361 416.1521627366287
361 416.1521627366287
362 429.02686120692624
361 416.1521627366287
362 429.02686120692624
361 416.1521627366287
362 429.0710601019539
357 416.5164418708574
361 417.9305560884291
360 417.1222222222222
360 417.1222222222222
360 417.1222222222222
362 429.0710601019539
362 429.0710601019539
360 417.1222222222222
360 417.1222222222222
360 417.1222222222222
360 417.1333333333333
362 432.88321479808656
361 428.50119320754277
360 417.1333333333333
360 417.1333333333333
360 417.1333333333333
360 417.1333333333333
360 417.1333333333333
360 417.1333333333333
360 417.1333333333333
360 417.1333333333333
360 417.1333333333333
360 417.1333333333333
360 417.1333333333333
360 417.1333333333333
360 417.1333333333333
360 417.1333333333333
360 417.1333333333333
360 417.1333333333333
360 417.1777777777778
362 453.31967888648427
348 1623.6426872770833
351 1663.2969537585047
350 1652.9338775510248
349 1631.9207231467667
350 1652.9338775510248
350 1652.9338775510248
350 1652.9338775510248
350 1652.9338775510248
348 1623.6426872770833
350 1652.9338775510248
348 1623.6426872770833
351 1683.0177514793031
349 1653.198660109517
350 1661.5967346938817
350 1661.5967346938817
350 1661.5967346938817
350 1661.5967346938817
350 1661.5967346938817
350 1661.5967346938817
351 1683.0177514793031
350 1661.5967346938817
350 1661.5967346938817
350 1661.5967346938817
350 1661.5967346938817
351 1683.0177514793031
350 1661.5967346938817
350 1661.5967346938817
351 1683.0177514793031
351 1683.0177514793031
351 1683.0177514793031
351 1683.0177514793031
351 1683.0177514793031
350 1661.5967346938817
350 1661.5967346938817
350 1661.5967346938817
350 1661.5967346938817
350 1661.5967346938817
350 1661.5967346938817
350 1661.5967346938817
350 1661.5967346938817
350 1661.5967346938817
350 1661.5967346938817
350 1661.5967346938817
350 1661.5967346938817
350 1661.5967346938817
350 1661.5967346938817
350 1661.5967346938817
350 1661.5967346938817
350 1661.5967346938817
350 1661.5967346938817
363 869.450083099987
360 851.5888888888888
362 853.7782424223865
360 852.3166666666667
363 921.2296974250559
362 870.7616678367513
361 861.6036862823307
360 852.3166666666667
362 870.7616678367513
360 852.3166666666667
362 877.3252037483533
360 861.4944444444444
361 862.3294480551839
360 861.4944444444444
360 861.5
362 884.3694026433808
361 864.1355422380099
360 861.5
359 863.3674940449026
362 885.5296236378559
361 867.2103344817772
360 864.5666666666667
362 885.5296236378559
357 865.7265259044714
362 886.0986844113368
361 870.2851267255444
360 867.6333333333333
358 866.2953091351775
359 867.3229257997779
361 870.2851267255444
361 870.2851267255444
361 870.2851267255444
361 870.2851267255444
361 870.2851267255444
361 870.2851267255444
361 870.2851267255444
360 867.6333333333333
360 867.6333333333333
357 866.9814278652557
362 886.5682976710051
361 870.3460685537993
359 869.9914494766576
362 886.5682976710051
362 889.4357009859225
360 871.0666666666667
361 871.0718303266526
362 892.3196788864749
361 873.3709993017218
362 892.3196788864749
362 892.3196788864749
369 796.5352634014071
372 871.5976413458152
371 838.5575373616988
370 812.6087655222715
371 838.5575373616988
371 838.5575373616988
371 839.1127934263885
369 816.8171062198354
370 817.4628195763256
370 817.4628195763256
370 817.5709276844336
371 862.2340872269281
370 817.5709276844336
370 817.5709276844336
371 862.2340872269281
371 862.2340872269281
366 820.6872704470038
371 862.9834133724806
370 837.5547114682174
368 827.4392722117125
369 828.182959878372
369 828.182959878372
368 827.4392722117125
366 820.6872704470038
371 862.9834133724806
371 862.9834133724806
371 865.732739518033
366 826.2337185344352
370 840.85741417092
368 827.4718809073646
369 840.0853989027621
368 827.4718809073646
368 827.4718809073646
371 868.1262705153378
365 828.7377744417398
370 849.3276844411904
369 840.2859409081824
368 830.3142722117123
366 828.9714234524681
370 849.3276844411904
369 840.2859409081824
371 868.1262705153378
371 868.1262705153378
367 831.2960820853898
371 870.7516074425613
370 858.4628195763256
368 842.5370982986688
369 848.6003040518136
370 858.4628195763256
370 858.4628195763256

